{"name":"Local: wormhole-1","url":"/Users/susan/swc/wormhole-1.cpp","tests":[{"id":1718118774963,"input":"30\n0\n20 20 100 100\n1\n20 20 100 100\n25 25 30 30 20\n1\n20 20 100 100\n25 25 30 30 5\n1\n20 20 100 100\n30 30 25 25 5\n2\n20 20 100 100\n25 25 30 30 20\n35 35 50 50 10\n2\n20 20 100 100\n25 25 30 30 0\n35 35 50 50 10\n3\n20 20 100 100\n25 25 30 30 0\n35 35 50 50 40\n40 40 60 60 0\n3\n20 20 100 100\n25 25 30 30 0\n35 35 50 50 40\n60 60 40 40 0\n3\n20 20 100 100\n25 25 30 30 0\n35 35 50 50 0\n40 40 60 60 100\n3\n20 20 100 100\n30 30 25 25 0\n35 35 50 50 0\n40 40 60 60 100\n3\n20 20 100 100\n35 35 50 50 0\n30 30 25 25 0\n40 40 60 60 100\n5\n20 20 100 100\n25 25 30 30 10\n35 20 40 50 10\n35 35 50 50 0\n65 65 75 75 10\n70 70 80 80 0\n5\n20 20 100 100\n25 25 30 30 10\n40 50 35 20 10\n50 50 35 35 0\n65 65 75 75 10\n80 80 70 70 0\n5\n20 20 100 100\n50 50 35 35 0\n25 25 30 30 10\n40 50 35 20 10\n80 80 70 70 0\n65 65 75 75 10\n5\n20 20 100 100\n50 50 35 35 100\n25 25 30 30 100\n40 50 35 20 100\n80 80 70 70 100\n65 65 75 75 100\n0\n0 0 60 60\n1\n0 0 2 0\n0 1 1 2 0\n1\n0 0 60 60 \n20 20 40 40 10\n3\n500 500 1000 1000\n501 501 999 1000 1000\n1 1 499 499 100\n1 0 999 999 200\n3\n500 500 1000 1000\n1 1 499 499 100\n501 501 999 1000 1000\n1 0 999 999 200\n3\n500 500 1000 1000\n1 0 999 999 200\n1 1 499 499 100\n501 501 999 1000 1000\n3\n500 500 1000 1000\n999 999 1 0 200\n499 499 1 1 100\n501 501 999 1000 1000\n4\n200 200 800 800\n250 250 700 700 50\n1 0 600 600 20\n1 1 199 199 10\n601 601 790 790 15\n4\n200 200 800 800\n250 250 700 700 50\n601 601 790 790 15\n1 0 600 600 20\n1 1 199 199 10\n4\n200 200 800 800\n250 250 700 700 1100\n601 601 790 790 1200\n1 0 600 600 1000\n1 1 199 199 900\n5\n200 200 800 800 \n100 100 199 199 10\n2 2 99 99 15\n3 2 550 550 30\n250 250 551 551 20\n250 251 799 799 10\n5\n200 200 800 800\n250 250 551 551 20\n250 251 799 799 10\n2 2 99 99 15\n100 100 199 199 10\n3 2 550 550 30\n5\n200 200 800 800\n250 251 799 799 10\n250 250 551 551 20\n2 2 99 99 15\n3 2 550 550 30\n100 100 199 199 10\n5\n200 200 800 800\n250 250 799 798 100\n551 551 799 799 31\n2 2 99 99 15\n3 2 550 550 30\n100 100 199 199 10\n5\n200 200 800 800 \n100 100 199 199 1200\n2 2 99 99 1200\n3 2 550 550 1200\n250 250 551 551 1200\n250 251 799 799 1200","output":"160\n160\n155\n155\n140\n130\n110\n110\n120\n120\n120\n110\n110\n110\n160\n120\n2\n90\n305\n305\n305\n305\n70\n70\n1200\n95\n95\n95\n95\n1200"}],"interactive":false,"memoryLimit":1024,"timeLimit":3000,"srcPath":"/Users/susan/swc/wormhole-1.cpp","group":"local","local":true}